rt-uaw rt-uax rt-uay rt-uaz rt-faw rt-fax rt-fay rt-faz rt-thw rt-thx rt-thy rt-thz rt-llw rt-llx rt-lly rt-llz rt-ftw rt-ftx rt-fty rt-ftz lt-uaw lt-uax lt-uay lt-uaz lt-faw lt-fax lt-fay lt-faz lt-thw lt-thx lt-thy lt-thz lt-llw lt-llx lt-lly lt-llz lt-ftw lt-ftx lt-fty lt-ftz 
0.7199 0.1907 -0.6664 0.0351 0.5305 -0.7105 -0.4546 -0.0847 0.6763 -0.3421 -0.6299 -0.1694 0.6148 0.3289 -0.6564 -0.2882 0.6387 -0.2208 -0.7282 -0.1143 0.7306 0.007 -0.6746 -0.1058 0.9323 0.0791 0.3271 0.1325 0.6657 -0.1216 -0.7094 -0.1968 0.7073 -0.1404 -0.6802 -0.1313 0.9434 -0.0191 0.304 0.1309
0.7167 0.2069 -0.6638 0.0542 0.5305 -0.7105 -0.4546 -0.0847 0.6763 -0.3421 -0.6299 -0.1694 0.6148 0.3289 -0.6564 -0.2882 0.6387 -0.2208 -0.7282 -0.1143 0.7306 0.007 -0.6746 -0.1058 0.9323 0.0791 0.3271 0.1325 0.6657 -0.1216 -0.7094 -0.1968 0.7073 -0.1404 -0.6802 -0.1313 0.9434 -0.0191 0.304 0.1309
0.7167 0.2069 -0.6638 0.0542 0.5305 -0.7105 -0.4546 -0.0847 0.6763 -0.3421 -0.6299 -0.1694 0.6148 0.3289 -0.6564 -0.2882 0.6387 -0.2208 -0.7282 -0.1143 0.7306 0.007 -0.6746 -0.1058 0.9323 0.0791 0.3271 0.1325 0.6657 -0.1216 -0.7094 -0.1968 0.7073 -0.1404 -0.6802 -0.1313 0.9438 -0.0192 0.303 0.1304
0.7167 0.2069 -0.6638 0.0542 0.5457 -0.683 -0.4767 -0.0922 0.6763 -0.3421 -0.6299 -0.1694 0.6148 0.3289 -0.6564 -0.2882 0.6387 -0.2208 -0.7282 -0.1143 0.7306 0.007 -0.6746 -0.1058 0.9323 0.0791 0.3271 0.1325 0.6657 -0.1216 -0.7094 -0.1968 0.7073 -0.1404 -0.6802 -0.1313 0.9438 -0.0192 0.303 0.1304
0.7167 0.2069 -0.6638 0.0542 0.5457 -0.683 -0.4767 -0.0922 0.6898 -0.3078 -0.6363 -0.1567 0.6148 0.3289 -0.6564 -0.2882 0.6387 -0.2208 -0.7282 -0.1143 0.7306 0.007 -0.6746 -0.1058 0.9323 0.0791 0.3271 0.1325 0.6657 -0.1216 -0.7094 -0.1968 0.7073 -0.1404 -0.6802 -0.1313 0.9438 -0.0192 0.303 0.1304
0.7167 0.2069 -0.6638 0.0542 0.5457 -0.683 -0.4767 -0.0922 0.6898 -0.3078 -0.6363 -0.1567 0.6326 0.3524 -0.6392 -0.2592 0.6387 -0.2208 -0.7282 -0.1143 0.73 0.0099 -0.6763 -0.0978 0.9323 0.0791 0.3271 0.1325 0.6721 -0.1086 -0.7238 -0.1125 0.7073 -0.1404 -0.6802 -0.1313 0.9438 -0.0192 0.303 0.1304
0.7167 0.2069 -0.6638 0.0542 0.5457 -0.683 -0.4767 -0.0922 0.6898 -0.3078 -0.6363 -0.1567 0.6326 0.3524 -0.6392 -0.2592 0.6387 -0.2208 -0.7282 -0.1143 0.73 0.0099 -0.6763 -0.0978 0.9323 0.0791 0.3271 0.1325 0.6721 -0.1086 -0.7238 -0.1125 0.7073 -0.1404 -0.6802 -0.1313 0.9438 -0.0192 0.303 0.1304
0.7167 0.2069 -0.6638 0.0542 0.5457 -0.683 -0.4767 -0.0922 0.6898 -0.3078 -0.6363 -0.1567 0.6326 0.3524 -0.6392 -0.2592 0.6429 -0.196 -0.7329 -0.1057 0.73 0.0099 -0.6763 -0.0978 0.9313 0.0784 0.3301 0.1321 0.6721 -0.1086 -0.7238 -0.1125 0.7089 -0.1273 -0.6821 -0.1266 0.9438 -0.0192 0.303 0.1304
0.7167 0.2069 -0.6638 0.0542 0.5457 -0.683 -0.4767 -0.0922 0.6898 -0.3078 -0.6363 -0.1567 0.6326 0.3524 -0.6392 -0.2592 0.6429 -0.196 -0.7329 -0.1057 0.73 0.0099 -0.6763 -0.0978 0.9313 0.0784 0.3301 0.1321 0.6721 -0.1086 -0.7238 -0.1125 0.7089 -0.1273 -0.6821 -0.1266 0.9438 -0.0192 0.303 0.1304
0.723 0.226 -0.6486 0.0744 0.5457 -0.683 -0.4767 -0.0922 0.6898 -0.3078 -0.6363 -0.1567 0.6326 0.3524 -0.6392 -0.2592 0.6429 -0.196 -0.7329 -0.1057 0.73 0.0099 -0.6763 -0.0978 0.9313 0.0784 0.3301 0.1321 0.6721 -0.1086 -0.7238 -0.1125 0.7089 -0.1273 -0.6821 -0.1266 0.9441 -0.0196 0.3018 0.131
0.723 0.226 -0.6486 0.0744 0.5543 -0.6569 -0.5035 -0.088 0.6898 -0.3078 -0.6363 -0.1567 0.6326 0.3524 -0.6392 -0.2592 0.6429 -0.196 -0.7329 -0.1057 0.73 0.0099 -0.6763 -0.0978 0.9313 0.0784 0.3301 0.1321 0.6721 -0.1086 -0.7238 -0.1125 0.7089 -0.1273 -0.6821 -0.1266 0.9441 -0.0196 0.3018 0.131
0.723 0.226 -0.6486 0.0744 0.5543 -0.6569 -0.5035 -0.088 0.6898 -0.3078 -0.6363 -0.1567 0.6326 0.3524 -0.6392 -0.2592 0.6429 -0.196 -0.7329 -0.1057 0.73 0.0099 -0.6763 -0.0978 0.9313 0.0784 0.3301 0.1321 0.6721 -0.1086 -0.7238 -0.1125 0.7089 -0.1273 -0.6821 -0.1266 0.9441 -0.0196 0.3018 0.131
0.723 0.226 -0.6486 0.0744 0.5543 -0.6569 -0.5035 -0.088 0.6996 -0.2778 -0.6436 -0.1381 0.6538 0.363 -0.6319 -0.2036 0.6429 -0.196 -0.7329 -0.1057 0.7344 0.0155 -0.6722 -0.0926 0.9313 0.0784 0.3301 0.1321 0.6721 -0.1086 -0.7238 -0.1125 0.7089 -0.1273 -0.6821 -0.1266 0.9441 -0.0196 0.3018 0.131
0.723 0.226 -0.6486 0.0744 0.5543 -0.6569 -0.5035 -0.088 0.6996 -0.2778 -0.6436 -0.1381 0.6538 0.363 -0.6319 -0.2036 0.6429 -0.196 -0.7329 -0.1057 0.7344 0.0155 -0.6722 -0.0926 0.9308 0.078 0.3317 0.1322 0.6721 -0.1086 -0.7238 -0.1125 0.7089 -0.1273 -0.6821 -0.1266 0.9441 -0.0196 0.3018 0.131
0.723 0.226 -0.6486 0.0744 0.5543 -0.6569 -0.5035 -0.088 0.6996 -0.2778 -0.6436 -0.1381 0.6538 0.363 -0.6319 -0.2036 0.6456 -0.1837 -0.7351 -0.0952 0.7344 0.0155 -0.6722 -0.0926 0.9308 0.078 0.3317 0.1322 0.6721 -0.1086 -0.7238 -0.1125 0.7137 -0.126 -0.6781 -0.1224 0.9441 -0.0196 0.3018 0.131
0.7115 0.2383 -0.6506 0.1167 0.5543 -0.6569 -0.5035 -0.088 0.6996 -0.2778 -0.6436 -0.1381 0.6538 0.363 -0.6319 -0.2036 0.6456 -0.1837 -0.7351 -0.0952 0.7344 0.0155 -0.6722 -0.0926 0.9308 0.078 0.3317 0.1322 0.6721 -0.1086 -0.7238 -0.1125 0.7137 -0.126 -0.6781 -0.1224 0.9441 -0.0196 0.3018 0.131
0.7115 0.2383 -0.6506 0.1167 0.5543 -0.6569 -0.5035 -0.088 0.6996 -0.2778 -0.6436 -0.1381 0.6538 0.363 -0.6319 -0.2036 0.6456 -0.1837 -0.7351 -0.0952 0.7344 0.0155 -0.6722 -0.0926 0.9308 0.078 0.3317 0.1322 0.6721 -0.1086 -0.7238 -0.1125 0.7137 -0.126 -0.6781 -0.1224 0.9438 -0.0203 0.3029 0.1307
0.7115 0.2383 -0.6506 0.1167 0.5644 -0.6227 -0.5292 -0.1166 0.6996 -0.2778 -0.6436 -0.1381 0.6538 0.363 -0.6319 -0.2036 0.6456 -0.1837 -0.7351 -0.0952 0.7344 0.0155 -0.6722 -0.0926 0.9308 0.078 0.3317 0.1322 0.6721 -0.1086 -0.7238 -0.1125 0.7137 -0.126 -0.6781 -0.1224 0.9438 -0.0203 0.3029 0.1307
0.7115 0.2383 -0.6506 0.1167 0.5644 -0.6227 -0.5292 -0.1166 0.6935 -0.2717 -0.6515 -0.144 0.674 0.335 -0.6349 -0.1745 0.6456 -0.1837 -0.7351 -0.0952 0.7344 0.0155 -0.6722 -0.0926 0.9308 0.078 0.3317 0.1322 0.6721 -0.1086 -0.7238 -0.1125 0.7137 -0.126 -0.6781 -0.1224 0.9438 -0.0203 0.3029 0.1307
0.7115 0.2383 -0.6506 0.1167 0.5644 -0.6227 -0.5292 -0.1166 0.6935 -0.2717 -0.6515 -0.144 0.674 0.335 -0.6349 -0.1745 0.6456 -0.1837 -0.7351 -0.0952 0.7341 0.0135 -0.6713 -0.1018 0.9308 0.078 0.3317 0.1322 0.6721 -0.1086 -0.7238 -0.1125 0.7137 -0.126 -0.6781 -0.1224 0.9438 -0.0203 0.3029 0.1307
0.7115 0.2383 -0.6506 0.1167 0.5644 -0.6227 -0.5292 -0.1166 0.6935 -0.2717 -0.6515 -0.144 0.674 0.335 -0.6349 -0.1745 0.6456 -0.1837 -0.7351 -0.0952 0.7341 0.0135 -0.6713 -0.1018 0.9308 0.078 0.3317 0.1322 0.6721 -0.1086 -0.7238 -0.1125 0.7137 -0.126 -0.6781 -0.1224 0.9438 -0.0203 0.3029 0.1307
0.7115 0.2383 -0.6506 0.1167 0.5644 -0.6227 -0.5292 -0.1166 0.6935 -0.2717 -0.6515 -0.144 0.674 0.335 -0.6349 -0.1745 0.6414 -0.1959 -0.7341 -0.1063 0.7341 0.0135 -0.6713 -0.1018 0.9304 0.0784 0.333 0.132 0.6721 -0.1086 -0.7238 -0.1125 0.7156 -0.1298 -0.675 -0.1237 0.9438 -0.0203 0.3029 0.1307
0.7115 0.2383 -0.6506 0.1167 0.5644 -0.6227 -0.5292 -0.1166 0.6935 -0.2717 -0.6515 -0.144 0.674 0.335 -0.6349 -0.1745 0.6414 -0.1959 -0.7341 -0.1063 0.7341 0.0135 -0.6713 -0.1018 0.9304 0.0784 0.333 0.132 0.6721 -0.1086 -0.7238 -0.1125 0.7156 -0.1298 -0.675 -0.1237 0.9438 -0.0203 0.3029 0.1307
0.7115 0.235 -0.6535 0.1072 0.5644 -0.6227 -0.5292 -0.1166 0.6935 -0.2717 -0.6515 -0.144 0.674 0.335 -0.6349 -0.1745 0.6414 -0.1959 -0.7341 -0.1063 0.7341 0.0135 -0.6713 -0.1018 0.9304 0.0784 0.333 0.132 0.6721 -0.1086 -0.7238 -0.1125 0.7156 -0.1298 -0.675 -0.1237 0.943 -0.0212 0.3054 0.1306
0.7115 0.235 -0.6535 0.1072 0.5705 -0.6253 -0.5212 -0.1089 0.6935 -0.2717 -0.6515 -0.144 0.674 0.335 -0.6349 -0.1745 0.6414 -0.1959 -0.7341 -0.1063 0.7341 0.0135 -0.6713 -0.1018 0.9304 0.0784 0.333 0.132 0.6721 -0.1086 -0.7238 -0.1125 0.7156 -0.1298 -0.675 -0.1237 0.943 -0.0212 0.3054 0.1306
0.7115 0.235 -0.6535 0.1072 0.5705 -0.6253 -0.5212 -0.1089 0.6954 -0.2769 -0.6507 -0.1282 0.674 0.335 -0.6349 -0.1745 0.6414 -0.1959 -0.7341 -0.1063 0.7341 0.0135 -0.6713 -0.1018 0.9304 0.0784 0.333 0.132 0.6721 -0.1086 -0.7238 -0.1125 0.7156 -0.1298 -0.675 -0.1237 0.943 -0.0212 0.3054 0.1306
0.7115 0.235 -0.6535 0.1072 0.5705 -0.6253 -0.5212 -0.1089 0.6954 -0.2769 -0.6507 -0.1282 0.674 0.335 -0.6349 -0.1745 0.6414 -0.1959 -0.7341 -0.1063 0.736 0.0151 -0.6685 -0.1059 0.9304 0.0784 0.333 0.132 0.6721 -0.1086 -0.7238 -0.1125 0.7156 -0.1298 -0.675 -0.1237 0.943 -0.0212 0.3054 0.1306
0.7115 0.235 -0.6535 0.1072 0.5705 -0.6253 -0.5212 -0.1089 0.6954 -0.2769 -0.6507 -0.1282 0.674 0.335 -0.6349 -0.1745 0.6414 -0.1959 -0.7341 -0.1063 0.736 0.0151 -0.6685 -0.1059 0.9294 0.0787 0.3358 0.1313 0.6721 -0.1086 -0.7238 -0.1125 0.7156 -0.1298 -0.675 -0.1237 0.943 -0.0212 0.3054 0.1306
0.7115 0.235 -0.6535 0.1072 0.5705 -0.6253 -0.5212 -0.1089 0.6954 -0.2769 -0.6507 -0.1282 0.674 0.335 -0.6349 -0.1745 0.6396 -0.2017 -0.7339 -0.1081 0.736 0.0151 -0.6685 -0.1059 0.9294 0.0787 0.3358 0.1313 0.6721 -0.1086 -0.7238 -0.1125 0.7159 -0.1317 -0.674 -0.1262 0.943 -0.0212 0.3054 0.1306
0.717 0.2268 -0.653 0.0898 0.5705 -0.6253 -0.5212 -0.1089 0.6954 -0.2769 -0.6507 -0.1282 0.674 0.335 -0.6349 -0.1745 0.6396 -0.2017 -0.7339 -0.1081 0.736 0.0151 -0.6685 -0.1059 0.9294 0.0787 0.3358 0.1313 0.6721 -0.1086 -0.7238 -0.1125 0.7159 -0.1317 -0.674 -0.1262 0.943 -0.0212 0.3054 0.1306
0.717 0.2268 -0.653 0.0898 0.5705 -0.6253 -0.5212 -0.1089 0.6954 -0.2769 -0.6507 -0.1282 0.674 0.335 -0.6349 -0.1745 0.6396 -0.2017 -0.7339 -0.1081 0.736 0.0151 -0.6685 -0.1059 0.9294 0.0787 0.3358 0.1313 0.6721 -0.1086 -0.7238 -0.1125 0.7159 -0.1317 -0.674 -0.1262 0.9429 -0.0218 0.3059 0.1304
0.717 0.2268 -0.653 0.0898 0.5624 -0.6427 -0.5067 -0.1177 0.6954 -0.2769 -0.6507 -0.1282 0.674 0.335 -0.6349 -0.1745 0.6396 -0.2017 -0.7339 -0.1081 0.736 0.0151 -0.6685 -0.1059 0.9294 0.0787 0.3358 0.1313 0.6721 -0.1086 -0.7238 -0.1125 0.7159 -0.1317 -0.674 -0.1262 0.9429 -0.0218 0.3059 0.1304
0.717 0.2268 -0.653 0.0898 0.5624 -0.6427 -0.5067 -0.1177 0.692 -0.2854 -0.6486 -0.1379 0.6692 0.3152 -0.6431 -0.1981 0.6396 -0.2017 -0.7339 -0.1081 0.736 0.0151 -0.6685 -0.1059 0.9294 0.0787 0.3358 0.1313 0.6721 -0.1086 -0.7238 -0.1125 0.7159 -0.1317 -0.674 -0.1262 0.9429 -0.0218 0.3059 0.1304
0.717 0.2268 -0.653 0.0898 0.5624 -0.6427 -0.5067 -0.1177 0.692 -0.2854 -0.6486 -0.1379 0.6692 0.3152 -0.6431 -0.1981 0.6396 -0.2017 -0.7339 -0.1081 0.7429 0.0123 -0.6612 -0.1041 0.9294 0.0787 0.3358 0.1313 0.6721 -0.1086 -0.7238 -0.1125 0.7159 -0.1317 -0.674 -0.1262 0.9429 -0.0218 0.3059 0.1304
0.717 0.2268 -0.653 0.0898 0.5624 -0.6427 -0.5067 -0.1177 0.692 -0.2854 -0.6486 -0.1379 0.6692 0.3152 -0.6431 -0.1981 0.6396 -0.2017 -0.7339 -0.1081 0.7429 0.0123 -0.6612 -0.1041 0.9294 0.0787 0.3358 0.1313 0.6721 -0.1086 -0.7238 -0.1125 0.7159 -0.1317 -0.674 -0.1262 0.9429 -0.0218 0.3059 0.1304
0.717 0.2268 -0.653 0.0898 0.5624 -0.6427 -0.5067 -0.1177 0.692 -0.2854 -0.6486 -0.1379 0.6692 0.3152 -0.6431 -0.1981 0.6391 -0.2018 -0.7342 -0.1086 0.7429 0.0123 -0.6612 -0.1041 0.929 0.0788 0.3369 0.1312 0.6721 -0.1086 -0.7238 -0.1125 0.7172 -0.1309 -0.6722 -0.1288 0.9429 -0.0218 0.3059 0.1304
0.717 0.2268 -0.653 0.0898 0.5624 -0.6427 -0.5067 -0.1177 0.692 -0.2854 -0.6486 -0.1379 0.6692 0.3152 -0.6431 -0.1981 0.6391 -0.2018 -0.7342 -0.1086 0.7429 0.0123 -0.6612 -0.1041 0.929 0.0788 0.3369 0.1312 0.6721 -0.1086 -0.7238 -0.1125 0.7172 -0.1309 -0.6722 -0.1288 0.9429 -0.0218 0.3059 0.1304
0.7169 0.2228 -0.6553 0.0842 0.5624 -0.6427 -0.5067 -0.1177 0.692 -0.2854 -0.6486 -0.1379 0.6692 0.3152 -0.6431 -0.1981 0.6391 -0.2018 -0.7342 -0.1086 0.7429 0.0123 -0.6612 -0.1041 0.929 0.0788 0.3369 0.1312 0.6721 -0.1086 -0.7238 -0.1125 0.7172 -0.1309 -0.6722 -0.1288 0.9428 -0.0222 0.3061 0.1302
0.7169 0.2228 -0.6553 0.0842 0.565 -0.6444 -0.5015 -0.1184 0.692 -0.2854 -0.6486 -0.1379 0.6692 0.3152 -0.6431 -0.1981 0.6391 -0.2018 -0.7342 -0.1086 0.7429 0.0123 -0.6612 -0.1041 0.929 0.0788 0.3369 0.1312 0.6721 -0.1086 -0.7238 -0.1125 0.7172 -0.1309 -0.6722 -0.1288 0.9428 -0.0222 0.3061 0.1302
0.7169 0.2228 -0.6553 0.0842 0.565 -0.6444 -0.5015 -0.1184 0.6883 -0.2947 -0.6467 -0.1458 0.6692 0.3152 -0.6431 -0.1981 0.6391 -0.2018 -0.7342 -0.1086 0.7429 0.0123 -0.6612 -0.1041 0.929 0.0788 0.3369 0.1312 0.6721 -0.1086 -0.7238 -0.1125 0.7172 -0.1309 -0.6722 -0.1288 0.9428 -0.0222 0.3061 0.1302
0.7169 0.2228 -0.6553 0.0842 0.565 -0.6444 -0.5015 -0.1184 0.6883 -0.2947 -0.6467 -0.1458 0.6692 0.3152 -0.6431 -0.1981 0.6391 -0.2018 -0.7342 -0.1086 0.7458 0.0079 -0.6582 -0.1022 0.929 0.0788 0.3369 0.1312 0.6721 -0.1086 -0.7238 -0.1125 0.7172 -0.1309 -0.6722 -0.1288 0.9428 -0.0222 0.3061 0.1302
0.7169 0.2228 -0.6553 0.0842 0.565 -0.6444 -0.5015 -0.1184 0.6883 -0.2947 -0.6467 -0.1458 0.6692 0.3152 -0.6431 -0.1981 0.6391 -0.2018 -0.7342 -0.1086 0.7458 0.0079 -0.6582 -0.1022 0.9293 0.079 0.3362 0.1313 0.6721 -0.1086 -0.7238 -0.1125 0.7172 -0.1309 -0.6722 -0.1288 0.9428 -0.0222 0.3061 0.1302
0.7169 0.2228 -0.6553 0.0842 0.565 -0.6444 -0.5015 -0.1184 0.6883 -0.2947 -0.6467 -0.1458 0.6692 0.3152 -0.6431 -0.1981 0.6391 -0.2018 -0.7342 -0.1086 0.7458 0.0079 -0.6582 -0.1022 0.9293 0.079 0.3362 0.1313 0.6721 -0.1086 -0.7238 -0.1125 0.7172 -0.1309 -0.6722 -0.1288 0.9428 -0.0222 0.3061 0.1302
0.7169 0.2228 -0.6553 0.0842 0.565 -0.6444 -0.5015 -0.1184 0.6883 -0.2947 -0.6467 -0.1458 0.6692 0.3152 -0.6431 -0.1981 0.6376 -0.2066 -0.733 -0.1158 0.7458 0.0079 -0.6582 -0.1022 0.9293 0.079 0.3362 0.1313 0.6721 -0.1086 -0.7238 -0.1125 0.718 -0.1303 -0.6711 -0.1307 0.9428 -0.0222 0.3061 0.1302
0.7179 0.2183 -0.6567 0.0759 0.565 -0.6444 -0.5015 -0.1184 0.6883 -0.2947 -0.6467 -0.1458 0.6692 0.3152 -0.6431 -0.1981 0.6376 -0.2066 -0.733 -0.1158 0.7458 0.0079 -0.6582 -0.1022 0.9293 0.079 0.3362 0.1313 0.6721 -0.1086 -0.7238 -0.1125 0.718 -0.1303 -0.6711 -0.1307 0.9431 -0.0224 0.3051 0.1302
0.7179 0.2183 -0.6567 0.0759 0.5631 -0.6494 -0.4961 -0.1225 0.6883 -0.2947 -0.6467 -0.1458 0.6692 0.3152 -0.6431 -0.1981 0.6376 -0.2066 -0.733 -0.1158 0.7458 0.0079 -0.6582 -0.1022 0.9293 0.079 0.3362 0.1313 0.6721 -0.1086 -0.7238 -0.1125 0.718 -0.1303 -0.6711 -0.1307 0.9431 -0.0224 0.3051 0.1302
0.7179 0.2183 -0.6567 0.0759 0.5631 -0.6494 -0.4961 -0.1225 0.6883 -0.2947 -0.6467 -0.1458 0.6692 0.3152 -0.6431 -0.1981 0.6376 -0.2066 -0.733 -0.1158 0.7458 0.0079 -0.6582 -0.1022 0.9293 0.079 0.3362 0.1313 0.6721 -0.1086 -0.7238 -0.1125 0.718 -0.1303 -0.6711 -0.1307 0.9431 -0.0224 0.3051 0.1302
0.7179 0.2183 -0.6567 0.0759 0.5631 -0.6494 -0.4961 -0.1225 0.6876 -0.3033 -0.6426 -0.1489 0.6624 0.3082 -0.6436 -0.2283 0.6376 -0.2066 -0.733 -0.1158 0.7459 0.0031 -0.6581 -0.1024 0.9293 0.079 0.3362 0.1313 0.6785 -0.1073 -0.7172 -0.1176 0.718 -0.1303 -0.6711 -0.1307 0.9431 -0.0224 0.3051 0.1302
0.7179 0.2183 -0.6567 0.0759 0.5631 -0.6494 -0.4961 -0.1225 0.6876 -0.3033 -0.6426 -0.1489 0.6624 0.3082 -0.6436 -0.2283 0.6376 -0.2066 -0.733 -0.1158 0.7459 0.0031 -0.6581 -0.1024 0.9296 0.079 0.3351 0.1316 0.6785 -0.1073 -0.7172 -0.1176 0.718 -0.1303 -0.6711 -0.1307 0.9431 -0.0224 0.3051 0.1302
0.7179 0.2183 -0.6567 0.0759 0.5631 -0.6494 -0.4961 -0.1225 0.6876 -0.3033 -0.6426 -0.1489 0.6624 0.3082 -0.6436 -0.2283 0.637 -0.2078 -0.7327 -0.1193 0.7459 0.0031 -0.6581 -0.1024 0.9296 0.079 0.3351 0.1316 0.6785 -0.1073 -0.7172 -0.1176 0.7181 -0.131 -0.6708 -0.1317 0.9431 -0.0224 0.3051 0.1302
0.72 0.2097 -0.6584 0.0643 0.5631 -0.6494 -0.4961 -0.1225 0.6876 -0.3033 -0.6426 -0.1489 0.6624 0.3082 -0.6436 -0.2283 0.637 -0.2078 -0.7327 -0.1193 0.7459 0.0031 -0.6581 -0.1024 0.9296 0.079 0.3351 0.1316 0.6785 -0.1073 -0.7172 -0.1176 0.7181 -0.131 -0.6708 -0.1317 0.9431 -0.0224 0.3051 0.1302
0.72 0.2097 -0.6584 0.0643 0.5631 -0.6494 -0.4961 -0.1225 0.6876 -0.3033 -0.6426 -0.1489 0.6624 0.3082 -0.6436 -0.2283 0.637 -0.2078 -0.7327 -0.1193 0.7459 0.0031 -0.6581 -0.1024 0.9296 0.079 0.3351 0.1316 0.6785 -0.1073 -0.7172 -0.1176 0.7181 -0.131 -0.6708 -0.1317 0.9432 -0.0226 0.3047 0.1301
0.72 0.2097 -0.6584 0.0643 0.5631 -0.6494 -0.4961 -0.1225 0.6876 -0.3033 -0.6426 -0.1489 0.6624 0.3082 -0.6436 -0.2283 0.637 -0.2078 -0.7327 -0.1193 0.7459 0.0031 -0.6581 -0.1024 0.9296 0.079 0.3351 0.1316 0.6785 -0.1073 -0.7172 -0.1176 0.7181 -0.131 -0.6708 -0.1317 0.9432 -0.0226 0.3047 0.1301
0.72 0.2097 -0.6584 0.0643 0.5599 -0.658 -0.4861 -0.1313 0.686 -0.3106 -0.6396 -0.1544 0.6609 0.3019 -0.6466 -0.2321 0.637 -0.2078 -0.7327 -0.1193 0.7459 0.0031 -0.6581 -0.1024 0.9296 0.079 0.3351 0.1316 0.6785 -0.1073 -0.7172 -0.1176 0.7181 -0.131 -0.6708 -0.1317 0.9432 -0.0226 0.3047 0.1301
0.72 0.2097 -0.6584 0.0643 0.5599 -0.658 -0.4861 -0.1313 0.686 -0.3106 -0.6396 -0.1544 0.6609 0.3019 -0.6466 -0.2321 0.637 -0.2078 -0.7327 -0.1193 0.7449 -6.0E-4 -0.6594 -0.1014 0.9296 0.079 0.3351 0.1316 0.6785 -0.1073 -0.7172 -0.1176 0.7181 -0.131 -0.6708 -0.1317 0.9432 -0.0226 0.3047 0.1301
0.72 0.2097 -0.6584 0.0643 0.5599 -0.658 -0.4861 -0.1313 0.686 -0.3106 -0.6396 -0.1544 0.6609 0.3019 -0.6466 -0.2321 0.637 -0.2078 -0.7327 -0.1193 0.7449 -6.0E-4 -0.6594 -0.1014 0.9296 0.0791 0.3351 0.1318 0.6785 -0.1073 -0.7172 -0.1176 0.7181 -0.131 -0.6708 -0.1317 0.9432 -0.0226 0.3047 0.1301
0.72 0.2097 -0.6584 0.0643 0.5599 -0.658 -0.4861 -0.1313 0.686 -0.3106 -0.6396 -0.1544 0.6609 0.3019 -0.6466 -0.2321 0.6349 -0.2121 -0.7317 -0.1287 0.7449 -6.0E-4 -0.6594 -0.1014 0.9296 0.0791 0.3351 0.1318 0.6785 -0.1073 -0.7172 -0.1176 0.7182 -0.1314 -0.6703 -0.1323 0.9432 -0.0226 0.3047 0.1301
0.72 0.2097 -0.6584 0.0643 0.5599 -0.658 -0.4861 -0.1313 0.686 -0.3106 -0.6396 -0.1544 0.6609 0.3019 -0.6466 -0.2321 0.6349 -0.2121 -0.7317 -0.1287 0.7449 -6.0E-4 -0.6594 -0.1014 0.9296 0.0791 0.3351 0.1318 0.6785 -0.1073 -0.7172 -0.1176 0.7182 -0.1314 -0.6703 -0.1323 0.9432 -0.0226 0.3047 0.1301
0.7231 0.2 -0.6589 0.0541 0.5599 -0.658 -0.4861 -0.1313 0.686 -0.3106 -0.6396 -0.1544 0.6609 0.3019 -0.6466 -0.2321 0.6349 -0.2121 -0.7317 -0.1287 0.7449 -6.0E-4 -0.6594 -0.1014 0.9296 0.0791 0.3351 0.1318 0.6785 -0.1073 -0.7172 -0.1176 0.7182 -0.1314 -0.6703 -0.1323 0.9427 -0.0233 0.3063 0.1298
0.7231 0.2 -0.6589 0.0541 0.5599 -0.658 -0.4861 -0.1313 0.686 -0.3106 -0.6396 -0.1544 0.6609 0.3019 -0.6466 -0.2321 0.6349 -0.2121 -0.7317 -0.1287 0.7449 -6.0E-4 -0.6594 -0.1014 0.9296 0.0791 0.3351 0.1318 0.6785 -0.1073 -0.7172 -0.1176 0.7182 -0.1314 -0.6703 -0.1323 0.9427 -0.0233 0.3063 0.1298
0.7231 0.2 -0.6589 0.0541 0.5599 -0.658 -0.4861 -0.1313 0.686 -0.3106 -0.6396 -0.1544 0.6609 0.3019 -0.6466 -0.2321 0.6349 -0.2121 -0.7317 -0.1287 0.7449 -6.0E-4 -0.6594 -0.1014 0.9296 0.0791 0.3351 0.1318 0.6785 -0.1073 -0.7172 -0.1176 0.7182 -0.1314 -0.6703 -0.1323 0.9427 -0.0233 0.3063 0.1298
0.7231 0.2 -0.6589 0.0541 0.559 -0.6649 -0.4762 -0.1367 0.686 -0.3137 -0.6379 -0.1552 0.66 0.298 -0.6472 -0.2384 0.6349 -0.2121 -0.7317 -0.1287 0.7449 -0.0032 -0.6591 -0.1029 0.9296 0.0791 0.3351 0.1318 0.6781 -0.1169 -0.7149 -0.1241 0.7182 -0.1314 -0.6703 -0.1323 0.9427 -0.0233 0.3063 0.1298
0.7231 0.2 -0.6589 0.0541 0.559 -0.6649 -0.4762 -0.1367 0.686 -0.3137 -0.6379 -0.1552 0.66 0.298 -0.6472 -0.2384 0.6349 -0.2121 -0.7317 -0.1287 0.7449 -0.0032 -0.6591 -0.1029 0.9292 0.0792 0.3361 0.1317 0.6781 -0.1169 -0.7149 -0.1241 0.7182 -0.1314 -0.6703 -0.1323 0.9427 -0.0233 0.3063 0.1298
0.7231 0.2 -0.6589 0.0541 0.559 -0.6649 -0.4762 -0.1367 0.686 -0.3137 -0.6379 -0.1552 0.66 0.298 -0.6472 -0.2384 0.6349 -0.2121 -0.7317 -0.1287 0.7449 -0.0032 -0.6591 -0.1029 0.9292 0.0792 0.3361 0.1317 0.6781 -0.1169 -0.7149 -0.1241 0.7182 -0.1314 -0.6703 -0.1323 0.9427 -0.0233 0.3063 0.1298
0.7231 0.2 -0.6589 0.0541 0.559 -0.6649 -0.4762 -0.1367 0.686 -0.3137 -0.6379 -0.1552 0.66 0.298 -0.6472 -0.2384 0.6327 -0.2192 -0.7304 -0.1348 0.7449 -0.0032 -0.6591 -0.1029 0.9292 0.0792 0.3361 0.1317 0.6781 -0.1169 -0.7149 -0.1241 0.7183 -0.1341 -0.6696 -0.133 0.9427 -0.0233 0.3063 0.1298
0.722 0.2022 -0.6597 0.0513 0.559 -0.6649 -0.4762 -0.1367 0.686 -0.3137 -0.6379 -0.1552 0.66 0.298 -0.6472 -0.2384 0.6327 -0.2192 -0.7304 -0.1348 0.7449 -0.0032 -0.6591 -0.1029 0.9292 0.0792 0.3361 0.1317 0.6781 -0.1169 -0.7149 -0.1241 0.7183 -0.1341 -0.6696 -0.133 0.9427 -0.0233 0.3063 0.1298
0.722 0.2022 -0.6597 0.0513 0.559 -0.6649 -0.4762 -0.1367 0.686 -0.3137 -0.6379 -0.1552 0.66 0.298 -0.6472 -0.2384 0.6327 -0.2192 -0.7304 -0.1348 0.7449 -0.0032 -0.6591 -0.1029 0.9292 0.0792 0.3361 0.1317 0.6781 -0.1169 -0.7149 -0.1241 0.7183 -0.1341 -0.6696 -0.133 0.9424 -0.0239 0.3077 0.1292
0.722 0.2022 -0.6597 0.0513 0.5563 -0.6664 -0.4763 -0.1398 0.6846 -0.3151 -0.6388 -0.155 0.6616 0.3024 -0.6425 -0.2408 0.6327 -0.2192 -0.7304 -0.1348 0.7449 -0.0032 -0.6591 -0.1029 0.9292 0.0792 0.3361 0.1317 0.6781 -0.1169 -0.7149 -0.1241 0.7183 -0.1341 -0.6696 -0.133 0.9424 -0.0239 0.3077 0.1292
0.722 0.2022 -0.6597 0.0513 0.5563 -0.6664 -0.4763 -0.1398 0.6846 -0.3151 -0.6388 -0.155 0.6616 0.3024 -0.6425 -0.2408 0.6327 -0.2192 -0.7304 -0.1348 0.746 -0.0038 -0.6575 -0.1055 0.9292 0.0792 0.3361 0.1317 0.6781 -0.1169 -0.7149 -0.1241 0.7183 -0.1341 -0.6696 -0.133 0.9424 -0.0239 0.3077 0.1292
0.722 0.2022 -0.6597 0.0513 0.5563 -0.6664 -0.4763 -0.1398 0.6846 -0.3151 -0.6388 -0.155 0.6616 0.3024 -0.6425 -0.2408 0.6327 -0.2192 -0.7304 -0.1348 0.746 -0.0038 -0.6575 -0.1055 0.9289 0.0791 0.337 0.1317 0.6781 -0.1169 -0.7149 -0.1241 0.7183 -0.1341 -0.6696 -0.133 0.9424 -0.0239 0.3077 0.1292
0.722 0.2022 -0.6597 0.0513 0.5563 -0.6664 -0.4763 -0.1398 0.6846 -0.3151 -0.6388 -0.155 0.6616 0.3024 -0.6425 -0.2408 0.6327 -0.2192 -0.7304 -0.1348 0.746 -0.0038 -0.6575 -0.1055 0.9289 0.0791 0.337 0.1317 0.6781 -0.1169 -0.7149 -0.1241 0.7183 -0.1341 -0.6696 -0.133 0.9424 -0.0239 0.3077 0.1292
0.7213 0.2112 -0.657 0.059 0.5563 -0.6664 -0.4763 -0.1398 0.6846 -0.3151 -0.6388 -0.155 0.6616 0.3024 -0.6425 -0.2408 0.6335 -0.2176 -0.7304 -0.1335 0.746 -0.0038 -0.6575 -0.1055 0.9289 0.0791 0.337 0.1317 0.6781 -0.1169 -0.7149 -0.1241 0.7178 -0.1318 -0.6707 -0.1326 0.9424 -0.0239 0.3077 0.1292
0.7213 0.2112 -0.657 0.059 0.5563 -0.6664 -0.4763 -0.1398 0.6846 -0.3151 -0.6388 -0.155 0.6616 0.3024 -0.6425 -0.2408 0.6335 -0.2176 -0.7304 -0.1335 0.746 -0.0038 -0.6575 -0.1055 0.9289 0.0791 0.337 0.1317 0.6781 -0.1169 -0.7149 -0.1241 0.7178 -0.1318 -0.6707 -0.1326 0.9424 -0.0239 0.3077 0.1292
0.7213 0.2112 -0.657 0.059 0.5563 -0.6664 -0.4763 -0.1398 0.6846 -0.3151 -0.6388 -0.155 0.6616 0.3024 -0.6425 -0.2408 0.6335 -0.2176 -0.7304 -0.1335 0.746 -0.0038 -0.6575 -0.1055 0.9289 0.0791 0.337 0.1317 0.6781 -0.1169 -0.7149 -0.1241 0.7178 -0.1318 -0.6707 -0.1326 0.9421 -0.0244 0.3085 0.129
0.7213 0.2112 -0.657 0.059 0.5545 -0.6617 -0.487 -0.1324 0.6887 -0.303 -0.6426 -0.145 0.6734 0.3105 -0.6328 -0.2231 0.6335 -0.2176 -0.7304 -0.1335 0.746 -0.0038 -0.6575 -0.1055 0.9289 0.0791 0.337 0.1317 0.6781 -0.1169 -0.7149 -0.1241 0.7178 -0.1318 -0.6707 -0.1326 0.9421 -0.0244 0.3085 0.129
0.7213 0.2112 -0.657 0.059 0.5545 -0.6617 -0.487 -0.1324 0.6887 -0.303 -0.6426 -0.145 0.6734 0.3105 -0.6328 -0.2231 0.6335 -0.2176 -0.7304 -0.1335 0.7469 0.001 -0.6568 -0.1031 0.9289 0.0791 0.337 0.1317 0.6781 -0.1169 -0.7149 -0.1241 0.7178 -0.1318 -0.6707 -0.1326 0.9421 -0.0244 0.3085 0.129
0.7213 0.2112 -0.657 0.059 0.5545 -0.6617 -0.487 -0.1324 0.6887 -0.303 -0.6426 -0.145 0.6734 0.3105 -0.6328 -0.2231 0.6335 -0.2176 -0.7304 -0.1335 0.7469 0.001 -0.6568 -0.1031 0.9288 0.0787 0.3375 0.1312 0.6781 -0.1169 -0.7149 -0.1241 0.7178 -0.1318 -0.6707 -0.1326 0.9421 -0.0244 0.3085 0.129
0.7213 0.2112 -0.657 0.059 0.5545 -0.6617 -0.487 -0.1324 0.6887 -0.303 -0.6426 -0.145 0.6734 0.3105 -0.6328 -0.2231 0.6371 -0.2047 -0.7326 -0.1244 0.7469 0.001 -0.6568 -0.1031 0.9288 0.0787 0.3375 0.1312 0.6781 -0.1169 -0.7149 -0.1241 0.7165 -0.1281 -0.6727 -0.1329 0.9421 -0.0244 0.3085 0.129
0.7176 0.2311 -0.6501 0.0949 0.5545 -0.6617 -0.487 -0.1324 0.6887 -0.303 -0.6426 -0.145 0.6734 0.3105 -0.6328 -0.2231 0.6371 -0.2047 -0.7326 -0.1244 0.7469 0.001 -0.6568 -0.1031 0.9288 0.0787 0.3375 0.1312 0.6781 -0.1169 -0.7149 -0.1241 0.7165 -0.1281 -0.6727 -0.1329 0.9421 -0.0244 0.3085 0.129
0.7176 0.2311 -0.6501 0.0949 0.5545 -0.6617 -0.487 -0.1324 0.6887 -0.303 -0.6426 -0.145 0.6734 0.3105 -0.6328 -0.2231 0.6371 -0.2047 -0.7326 -0.1244 0.7469 0.001 -0.6568 -0.1031 0.9288 0.0787 0.3375 0.1312 0.6781 -0.1169 -0.7149 -0.1241 0.7165 -0.1281 -0.6727 -0.1329 0.9422 -0.0244 0.3082 0.1291
0.7176 0.2311 -0.6501 0.0949 0.5597 -0.6378 -0.5145 -0.123 0.6887 -0.303 -0.6426 -0.145 0.6734 0.3105 -0.6328 -0.2231 0.6371 -0.2047 -0.7326 -0.1244 0.7469 0.001 -0.6568 -0.1031 0.9288 0.0787 0.3375 0.1312 0.6781 -0.1169 -0.7149 -0.1241 0.7165 -0.1281 -0.6727 -0.1329 0.9422 -0.0244 0.3082 0.1291
0.7176 0.2311 -0.6501 0.0949 0.5597 -0.6378 -0.5145 -0.123 0.6887 -0.303 -0.6426 -0.145 0.6734 0.3105 -0.6328 -0.2231 0.6371 -0.2047 -0.7326 -0.1244 0.7469 0.001 -0.6568 -0.1031 0.9288 0.0787 0.3375 0.1312 0.6781 -0.1169 -0.7149 -0.1241 0.7165 -0.1281 -0.6727 -0.1329 0.9422 -0.0244 0.3082 0.1291
0.7176 0.2311 -0.6501 0.0949 0.5597 -0.6378 -0.5145 -0.123 0.6984 -0.2761 -0.6487 -0.1234 0.6867 0.3307 -0.6214 -0.1814 0.6371 -0.2047 -0.7326 -0.1244 0.7469 0.001 -0.6568 -0.1031 0.9288 0.0787 0.3375 0.1312 0.6781 -0.1169 -0.7149 -0.1241 0.7165 -0.1281 -0.6727 -0.1329 0.9422 -0.0244 0.3082 0.1291
0.7176 0.2311 -0.6501 0.0949 0.5597 -0.6378 -0.5145 -0.123 0.6984 -0.2761 -0.6487 -0.1234 0.6867 0.3307 -0.6214 -0.1814 0.6371 -0.2047 -0.7326 -0.1244 0.748 0.0078 -0.6561 -0.0999 0.9287 0.0786 0.3378 0.1311 0.6781 -0.1169 -0.7149 -0.1241 0.7165 -0.1281 -0.6727 -0.1329 0.9422 -0.0244 0.3082 0.1291
0.7176 0.2311 -0.6501 0.0949 0.5597 -0.6378 -0.5145 -0.123 0.6984 -0.2761 -0.6487 -0.1234 0.6867 0.3307 -0.6214 -0.1814 0.6371 -0.2047 -0.7326 -0.1244 0.748 0.0078 -0.6561 -0.0999 0.9287 0.0786 0.3378 0.1311 0.6781 -0.1169 -0.7149 -0.1241 0.7165 -0.1281 -0.6727 -0.1329 0.9422 -0.0244 0.3082 0.1291
0.7176 0.2311 -0.6501 0.0949 0.5597 -0.6378 -0.5145 -0.123 0.6984 -0.2761 -0.6487 -0.1234 0.6867 0.3307 -0.6214 -0.1814 0.6371 -0.2047 -0.7326 -0.1244 0.748 0.0078 -0.6561 -0.0999 0.9287 0.0786 0.3378 0.1311 0.6781 -0.1169 -0.7149 -0.1241 0.7166 -0.1192 -0.6748 -0.1305 0.9422 -0.0244 0.3082 0.1291
0.7141 0.2584 -0.6372 0.1315 0.5597 -0.6378 -0.5145 -0.123 0.6984 -0.2761 -0.6487 -0.1234 0.6867 0.3307 -0.6214 -0.1814 0.6371 -0.2047 -0.7326 -0.1244 0.748 0.0078 -0.6561 -0.0999 0.9287 0.0786 0.3378 0.1311 0.6781 -0.1169 -0.7149 -0.1241 0.7166 -0.1192 -0.6748 -0.1305 0.9422 -0.0244 0.3082 0.1291
0.7141 0.2584 -0.6372 0.1315 0.5741 -0.6042 -0.5426 -0.1044 0.6984 -0.2761 -0.6487 -0.1234 0.6867 0.3307 -0.6214 -0.1814 0.6371 -0.2047 -0.7326 -0.1244 0.748 0.0078 -0.6561 -0.0999 0.9287 0.0786 0.3378 0.1311 0.6781 -0.1169 -0.7149 -0.1241 0.7166 -0.1192 -0.6748 -0.1305 0.9429 -0.0241 0.306 0.1296
0.7141 0.2584 -0.6372 0.1315 0.5741 -0.6042 -0.5426 -0.1044 0.6984 -0.2761 -0.6487 -0.1234 0.6867 0.3307 -0.6214 -0.1814 0.6371 -0.2047 -0.7326 -0.1244 0.748 0.0078 -0.6561 -0.0999 0.9287 0.0786 0.3378 0.1311 0.6781 -0.1169 -0.7149 -0.1241 0.7166 -0.1192 -0.6748 -0.1305 0.9429 -0.0241 0.306 0.1296
0.7141 0.2584 -0.6372 0.1315 0.5741 -0.6042 -0.5426 -0.1044 0.7101 -0.2308 -0.66 -0.0828 0.7023 0.3684 -0.596 -0.1259 0.6371 -0.2047 -0.7326 -0.1244 0.748 0.0078 -0.6561 -0.0999 0.9287 0.0786 0.3378 0.1311 0.6829 -0.0698 -0.7229 -0.0784 0.7166 -0.1192 -0.6748 -0.1305 0.9429 -0.0241 0.306 0.1296
0.7141 0.2584 -0.6372 0.1315 0.5741 -0.6042 -0.5426 -0.1044 0.7101 -0.2308 -0.66 -0.0828 0.7023 0.3684 -0.596 -0.1259 0.6371 -0.2047 -0.7326 -0.1244 0.7494 0.0153 -0.6545 -0.0984 0.929 0.0781 0.3373 0.1312 0.6829 -0.0698 -0.7229 -0.0784 0.7166 -0.1192 -0.6748 -0.1305 0.9429 -0.0241 0.306 0.1296
0.7141 0.2584 -0.6372 0.1315 0.5741 -0.6042 -0.5426 -0.1044 0.7101 -0.2308 -0.66 -0.0828 0.7023 0.3684 -0.596 -0.1259 0.6484 -0.1715 -0.7358 -0.0933 0.7494 0.0153 -0.6545 -0.0984 0.929 0.0781 0.3373 0.1312 0.6829 -0.0698 -0.7229 -0.0784 0.7177 -0.1132 -0.675 -0.1281 0.9429 -0.0241 0.306 0.1296
0.7141 0.2584 -0.6372 0.1315 0.5741 -0.6042 -0.5426 -0.1044 0.7101 -0.2308 -0.66 -0.0828 0.7023 0.3684 -0.596 -0.1259 0.6484 -0.1715 -0.7358 -0.0933 0.7494 0.0153 -0.6545 -0.0984 0.929 0.0781 0.3373 0.1312 0.6829 -0.0698 -0.7229 -0.0784 0.7177 -0.1132 -0.675 -0.1281 0.9429 -0.0241 0.306 0.1296
0.7131 0.2792 -0.6237 0.1564 0.5741 -0.6042 -0.5426 -0.1044 0.7101 -0.2308 -0.66 -0.0828 0.7023 0.3684 -0.596 -0.1259 0.6484 -0.1715 -0.7358 -0.0933 0.7494 0.0153 -0.6545 -0.0984 0.929 0.0781 0.3373 0.1312 0.6829 -0.0698 -0.7229 -0.0784 0.7177 -0.1132 -0.675 -0.1281 0.9435 -0.0239 0.304 0.1297
0.7131 0.2792 -0.6237 0.1564 0.5741 -0.6042 -0.5426 -0.1044 0.7101 -0.2308 -0.66 -0.0828 0.7023 0.3684 -0.596 -0.1259 0.6484 -0.1715 -0.7358 -0.0933 0.7494 0.0153 -0.6545 -0.0984 0.929 0.0781 0.3373 0.1312 0.6829 -0.0698 -0.7229 -0.0784 0.7177 -0.1132 -0.675 -0.1281 0.9435 -0.0239 0.304 0.1297
0.7131 0.2792 -0.6237 0.1564 0.5741 -0.6042 -0.5426 -0.1044 0.7101 -0.2308 -0.66 -0.0828 0.7023 0.3684 -0.596 -0.1259 0.6484 -0.1715 -0.7358 -0.0933 0.7494 0.0153 -0.6545 -0.0984 0.929 0.0781 0.3373 0.1312 0.6829 -0.0698 -0.7229 -0.0784 0.7177 -0.1132 -0.675 -0.1281 0.9435 -0.0239 0.304 0.1297
0.7131 0.2792 -0.6237 0.1564 0.5852 -0.5797 -0.5594 -0.0923 0.7152 -0.1893 -0.6715 -0.0411 0.712 0.4026 -0.5711 -0.0692 0.6484 -0.1715 -0.7358 -0.0933 0.751 0.0192 -0.6526 -0.098 0.929 0.0781 0.3373 0.1312 0.6826 -0.0502 -0.7253 -0.0734 0.7177 -0.1132 -0.675 -0.1281 0.9435 -0.0239 0.304 0.1297
0.7131 0.2792 -0.6237 0.1564 0.5852 -0.5797 -0.5594 -0.0923 0.7152 -0.1893 -0.6715 -0.0411 0.712 0.4026 -0.5711 -0.0692 0.6484 -0.1715 -0.7358 -0.0933 0.751 0.0192 -0.6526 -0.098 0.9296 0.0778 0.3357 0.1311 0.6826 -0.0502 -0.7253 -0.0734 0.7177 -0.1132 -0.675 -0.1281 0.9435 -0.0239 0.304 0.1297
0.7131 0.2792 -0.6237 0.1564 0.5852 -0.5797 -0.5594 -0.0923 0.7152 -0.1893 -0.6715 -0.0411 0.712 0.4026 -0.5711 -0.0692 0.6484 -0.1715 -0.7358 -0.0933 0.751 0.0192 -0.6526 -0.098 0.9296 0.0778 0.3357 0.1311 0.6826 -0.0502 -0.7253 -0.0734 0.7177 -0.1132 -0.675 -0.1281 0.9435 -0.0239 0.304 0.1297
0.7131 0.2792 -0.6237 0.1564 0.5852 -0.5797 -0.5594 -0.0923 0.7152 -0.1893 -0.6715 -0.0411 0.712 0.4026 -0.5711 -0.0692 0.6519 -0.1573 -0.7378 -0.077 0.751 0.0192 -0.6526 -0.098 0.9296 0.0778 0.3357 0.1311 0.6826 -0.0502 -0.7253 -0.0734 0.7197 -0.1078 -0.6743 -0.1256 0.9435 -0.0239 0.304 0.1297
0.7131 0.2792 -0.6237 0.1564 0.5852 -0.5797 -0.5594 -0.0923 0.7152 -0.1893 -0.6715 -0.0411 0.712 0.4026 -0.5711 -0.0692 0.6519 -0.1573 -0.7378 -0.077 0.751 0.0192 -0.6526 -0.098 0.9296 0.0778 0.3357 0.1311 0.6826 -0.0502 -0.7253 -0.0734 0.7197 -0.1078 -0.6743 -0.1256 0.9435 -0.0239 0.304 0.1297
0.7112 0.2996 -0.6129 0.1696 0.5852 -0.5797 -0.5594 -0.0923 0.7152 -0.1893 -0.6715 -0.0411 0.712 0.4026 -0.5711 -0.0692 0.6519 -0.1573 -0.7378 -0.077 0.751 0.0192 -0.6526 -0.098 0.9296 0.0778 0.3357 0.1311 0.6826 -0.0502 -0.7253 -0.0734 0.7197 -0.1078 -0.6743 -0.1256 0.9442 -0.0234 0.3017 0.13
0.7112 0.2996 -0.6129 0.1696 0.5852 -0.5797 -0.5594 -0.0923 0.7152 -0.1893 -0.6715 -0.0411 0.712 0.4026 -0.5711 -0.0692 0.6519 -0.1573 -0.7378 -0.077 0.751 0.0192 -0.6526 -0.098 0.9296 0.0778 0.3357 0.1311 0.6826 -0.0502 -0.7253 -0.0734 0.7197 -0.1078 -0.6743 -0.1256 0.9442 -0.0234 0.3017 0.13
0.7112 0.2996 -0.6129 0.1696 0.5926 -0.5663 -0.5659 -0.0891 0.7132 -0.1791 -0.6773 -0.0228 0.7217 0.4085 -0.557 -0.0439 0.6519 -0.1573 -0.7378 -0.077 0.7515 0.0217 -0.6527 -0.0929 0.9296 0.0778 0.3357 0.1311 0.683 -0.0372 -0.7267 -0.064 0.7197 -0.1078 -0.6743 -0.1256 0.9442 -0.0234 0.3017 0.13
0.7112 0.2996 -0.6129 0.1696 0.5926 -0.5663 -0.5659 -0.0891 0.7132 -0.1791 -0.6773 -0.0228 0.7217 0.4085 -0.557 -0.0439 0.6519 -0.1573 -0.7378 -0.077 0.7515 0.0217 -0.6527 -0.0929 0.9302 0.0775 0.3337 0.1318 0.683 -0.0372 -0.7267 -0.064 0.7197 -0.1078 -0.6743 -0.1256 0.9442 -0.0234 0.3017 0.13
0.7112 0.2996 -0.6129 0.1696 0.5926 -0.5663 -0.5659 -0.0891 0.7132 -0.1791 -0.6773 -0.0228 0.7217 0.4085 -0.557 -0.0439 0.6519 -0.1573 -0.7378 -0.077 0.7515 0.0217 -0.6527 -0.0929 0.9302 0.0775 0.3337 0.1318 0.683 -0.0372 -0.7267 -0.064 0.7197 -0.1078 -0.6743 -0.1256 0.9442 -0.0234 0.3017 0.13
0.7112 0.2996 -0.6129 0.1696 0.5926 -0.5663 -0.5659 -0.0891 0.7132 -0.1791 -0.6773 -0.0228 0.7217 0.4085 -0.557 -0.0439 0.6537 -0.1467 -0.739 -0.071 0.7515 0.0217 -0.6527 -0.0929 0.9302 0.0775 0.3337 0.1318 0.683 -0.0372 -0.7267 -0.064 0.7215 -0.1 -0.674 -0.1229 0.9442 -0.0234 0.3017 0.13
0.7115 0.3075 -0.6083 0.1708 0.5926 -0.5663 -0.5659 -0.0891 0.7132 -0.1791 -0.6773 -0.0228 0.7217 0.4085 -0.557 -0.0439 0.6537 -0.1467 -0.739 -0.071 0.7515 0.0217 -0.6527 -0.0929 0.9302 0.0775 0.3337 0.1318 0.683 -0.0372 -0.7267 -0.064 0.7215 -0.1 -0.674 -0.1229 0.9447 -0.0234 0.2999 0.1305
0.7115 0.3075 -0.6083 0.1708 0.5926 -0.5663 -0.5659 -0.0891 0.7132 -0.1791 -0.6773 -0.0228 0.7217 0.4085 -0.557 -0.0439 0.6537 -0.1467 -0.739 -0.071 0.7515 0.0217 -0.6527 -0.0929 0.9302 0.0775 0.3337 0.1318 0.683 -0.0372 -0.7267 -0.064 0.7215 -0.1 -0.674 -0.1229 0.9447 -0.0234 0.2999 0.1305
0.7115 0.3075 -0.6083 0.1708 0.5926 -0.5663 -0.5659 -0.0891 0.7132 -0.1791 -0.6773 -0.0228 0.7217 0.4085 -0.557 -0.0439 0.6537 -0.1467 -0.739 -0.071 0.7515 0.0217 -0.6527 -0.0929 0.9302 0.0775 0.3337 0.1318 0.683 -0.0372 -0.7267 -0.064 0.7215 -0.1 -0.674 -0.1229 0.9447 -0.0234 0.2999 0.1305
0.7115 0.3075 -0.6083 0.1708 0.5928 -0.56 -0.5724 -0.0858 0.7122 -0.1749 -0.6797 -0.0152 0.7217 0.4049 -0.5598 -0.0424 0.6537 -0.1467 -0.739 -0.071 0.7504 0.02 -0.6545 -0.0901 0.9302 0.0775 0.3337 0.1318 0.6829 -0.0347 -0.7267 -0.0667 0.7215 -0.1 -0.674 -0.1229 0.9447 -0.0234 0.2999 0.1305
0.7115 0.3075 -0.6083 0.1708 0.5928 -0.56 -0.5724 -0.0858 0.7122 -0.1749 -0.6797 -0.0152 0.7217 0.4049 -0.5598 -0.0424 0.6537 -0.1467 -0.739 -0.071 0.7504 0.02 -0.6545 -0.0901 0.9302 0.0777 0.3334 0.1322 0.6829 -0.0347 -0.7267 -0.0667 0.7215 -0.1 -0.674 -0.1229 0.9447 -0.0234 0.2999 0.1305
0.7115 0.3075 -0.6083 0.1708 0.5928 -0.56 -0.5724 -0.0858 0.7122 -0.1749 -0.6797 -0.0152 0.7217 0.4049 -0.5598 -0.0424 0.6537 -0.1467 -0.739 -0.071 0.7504 0.02 -0.6545 -0.0901 0.9302 0.0777 0.3334 0.1322 0.6829 -0.0347 -0.7267 -0.0667 0.7215 -0.1 -0.674 -0.1229 0.9447 -0.0234 0.2999 0.1305
0.7115 0.3075 -0.6083 0.1708 0.5928 -0.56 -0.5724 -0.0858 0.7122 -0.1749 -0.6797 -0.0152 0.7217 0.4049 -0.5598 -0.0424 0.6547 -0.1439 -0.7391 -0.067 0.7504 0.02 -0.6545 -0.0901 0.9302 0.0777 0.3334 0.1322 0.6829 -0.0347 -0.7267 -0.0667 0.7209 -0.1011 -0.6744 -0.1235 0.9447 -0.0234 0.2999 0.1305
0.7134 0.3075 -0.6063 0.1697 0.5928 -0.56 -0.5724 -0.0858 0.7122 -0.1749 -0.6797 -0.0152 0.7217 0.4049 -0.5598 -0.0424 0.6547 -0.1439 -0.7391 -0.067 0.7504 0.02 -0.6545 -0.0901 0.9302 0.0777 0.3334 0.1322 0.6829 -0.0347 -0.7267 -0.0667 0.7209 -0.1011 -0.6744 -0.1235 0.9445 -0.0237 0.3007 0.1304
0.7134 0.3075 -0.6063 0.1697 0.5928 -0.56 -0.5724 -0.0858 0.7122 -0.1749 -0.6797 -0.0152 0.7217 0.4049 -0.5598 -0.0424 0.6547 -0.1439 -0.7391 -0.067 0.7504 0.02 -0.6545 -0.0901 0.9302 0.0777 0.3334 0.1322 0.6829 -0.0347 -0.7267 -0.0667 0.7209 -0.1011 -0.6744 -0.1235 0.9445 -0.0237 0.3007 0.1304
0.7134 0.3075 -0.6063 0.1697 0.5928 -0.56 -0.5724 -0.0858 0.7122 -0.1749 -0.6797 -0.0152 0.7217 0.4049 -0.5598 -0.0424 0.6547 -0.1439 -0.7391 -0.067 0.7504 0.02 -0.6545 -0.0901 0.9302 0.0777 0.3334 0.1322 0.6829 -0.0347 -0.7267 -0.0667 0.7209 -0.1011 -0.6744 -0.1235 0.9445 -0.0237 0.3007 0.1304
0.7134 0.3075 -0.6063 0.1697 0.5905 -0.563 -0.5717 -0.0863 0.7051 -0.1784 -0.686 -0.022 0.7173 0.3967 -0.5704 -0.0524 0.6547 -0.1439 -0.7391 -0.067 0.7504 0.0178 -0.6542 -0.0925 0.9302 0.0777 0.3334 0.1322 0.6822 -0.0361 -0.7271 -0.068 0.7209 -0.1011 -0.6744 -0.1235 0.9445 -0.0237 0.3007 0.1304
0.7134 0.3075 -0.6063 0.1697 0.5905 -0.563 -0.5717 -0.0863 0.7051 -0.1784 -0.686 -0.022 0.7173 0.3967 -0.5704 -0.0524 0.6547 -0.1439 -0.7391 -0.067 0.7504 0.0178 -0.6542 -0.0925 0.9301 0.0776 0.3339 0.1321 0.6822 -0.0361 -0.7271 -0.068 0.7209 -0.1011 -0.6744 -0.1235 0.9445 -0.0237 0.3007 0.1304
0.7134 0.3075 -0.6063 0.1697 0.5905 -0.563 -0.5717 -0.0863 0.7051 -0.1784 -0.686 -0.022 0.7173 0.3967 -0.5704 -0.0524 0.6547 -0.1439 -0.7391 -0.067 0.7504 0.0178 -0.6542 -0.0925 0.9301 0.0776 0.3339 0.1321 0.6822 -0.0361 -0.7271 -0.068 0.7209 -0.1011 -0.6744 -0.1235 0.9445 -0.0237 0.3007 0.1304
0.7134 0.3075 -0.6063 0.1697 0.5905 -0.563 -0.5717 -0.0863 0.7051 -0.1784 -0.686 -0.022 0.7173 0.3967 -0.5704 -0.0524 0.6524 -0.1542 -0.7382 -0.0751 0.7504 0.0178 -0.6542 -0.0925 0.9301 0.0776 0.3339 0.1321 0.6822 -0.0361 -0.7271 -0.068 0.7195 -0.1024 -0.6753 -0.1257 0.9445 -0.0237 0.3007 0.1304
0.7169 0.291 -0.6159 0.1485 0.5905 -0.563 -0.5717 -0.0863 0.7051 -0.1784 -0.686 -0.022 0.7173 0.3967 -0.5704 -0.0524 0.6524 -0.1542 -0.7382 -0.0751 0.7504 0.0178 -0.6542 -0.0925 0.9301 0.0776 0.3339 0.1321 0.6822 -0.0361 -0.7271 -0.068 0.7195 -0.1024 -0.6753 -0.1257 0.9444 -0.0239 0.301 0.1302
0.7169 0.291 -0.6159 0.1485 0.5905 -0.563 -0.5717 -0.0863 0.7051 -0.1784 -0.686 -0.022 0.7173 0.3967 -0.5704 -0.0524 0.6524 -0.1542 -0.7382 -0.0751 0.7504 0.0178 -0.6542 -0.0925 0.9301 0.0776 0.3339 0.1321 0.6822 -0.0361 -0.7271 -0.068 0.7195 -0.1024 -0.6753 -0.1257 0.9444 -0.0239 0.301 0.1302
0.7169 0.291 -0.6159 0.1485 0.5868 -0.5809 -0.5558 -0.0968 0.7002 -0.2089 -0.6813 -0.0435 0.7115 0.3686 -0.5928 -0.0802 0.6524 -0.1542 -0.7382 -0.0751 0.7504 0.0178 -0.6542 -0.0925 0.9301 0.0776 0.3339 0.1321 0.6822 -0.0361 -0.7271 -0.068 0.7195 -0.1024 -0.6753 -0.1257 0.9444 -0.0239 0.301 0.1302
0.7169 0.291 -0.6159 0.1485 0.5868 -0.5809 -0.5558 -0.0968 0.7002 -0.2089 -0.6813 -0.0435 0.7115 0.3686 -0.5928 -0.0802 0.6524 -0.1542 -0.7382 -0.0751 0.7517 0.0123 -0.6527 -0.0934 0.9301 0.0776 0.3339 0.1321 0.6821 -0.0434 -0.726 -0.0764 0.7195 -0.1024 -0.6753 -0.1257 0.9444 -0.0239 0.301 0.1302
0.7169 0.291 -0.6159 0.1485 0.5868 -0.5809 -0.5558 -0.0968 0.7002 -0.2089 -0.6813 -0.0435 0.7115 0.3686 -0.5928 -0.0802 0.6524 -0.1542 -0.7382 -0.0751 0.7517 0.0123 -0.6527 -0.0934 0.9303 0.0778 0.3332 0.1323 0.6821 -0.0434 -0.726 -0.0764 0.7195 -0.1024 -0.6753 -0.1257 0.9444 -0.0239 0.301 0.1302
0.7169 0.291 -0.6159 0.1485 0.5868 -0.5809 -0.5558 -0.0968 0.7002 -0.2089 -0.6813 -0.0435 0.7115 0.3686 -0.5928 -0.0802 0.6518 -0.1575 -0.7377 -0.0787 0.7517 0.0123 -0.6527 -0.0934 0.9303 0.0778 0.3332 0.1323 0.6821 -0.0434 -0.726 -0.0764 0.7175 -0.1061 -0.6762 -0.1291 0.9444 -0.0239 0.301 0.1302
0.7169 0.291 -0.6159 0.1485 0.5868 -0.5809 -0.5558 -0.0968 0.7002 -0.2089 -0.6813 -0.0435 0.7115 0.3686 -0.5928 -0.0802 0.6518 -0.1575 -0.7377 -0.0787 0.7517 0.0123 -0.6527 -0.0934 0.9303 0.0778 0.3332 0.1323 0.6821 -0.0434 -0.726 -0.0764 0.7175 -0.1061 -0.6762 -0.1291 0.9444 -0.0239 0.301 0.1302
0.7192 0.2774 -0.6227 0.1343 0.5868 -0.5809 -0.5558 -0.0968 0.7002 -0.2089 -0.6813 -0.0435 0.7115 0.3686 -0.5928 -0.0802 0.6518 -0.1575 -0.7377 -0.0787 0.7517 0.0123 -0.6527 -0.0934 0.9303 0.0778 0.3332 0.1323 0.6821 -0.0434 -0.726 -0.0764 0.7175 -0.1061 -0.6762 -0.1291 0.9444 -0.024 0.301 0.1302
0.7192 0.2774 -0.6227 0.1343 0.5868 -0.5809 -0.5558 -0.0968 0.7002 -0.2089 -0.6813 -0.0435 0.7115 0.3686 -0.5928 -0.0802 0.6518 -0.1575 -0.7377 -0.0787 0.7517 0.0123 -0.6527 -0.0934 0.9303 0.0778 0.3332 0.1323 0.6821 -0.0434 -0.726 -0.0764 0.7175 -0.1061 -0.6762 -0.1291 0.9444 -0.024 0.301 0.1302
0.7192 0.2774 -0.6227 0.1343 0.5868 -0.5809 -0.5558 -0.0968 0.7002 -0.2089 -0.6813 -0.0435 0.7115 0.3686 -0.5928 -0.0802 0.6518 -0.1575 -0.7377 -0.0787 0.7517 0.0123 -0.6527 -0.0934 0.9303 0.0778 0.3332 0.1323 0.6821 -0.0434 -0.726 -0.0764 0.7175 -0.1061 -0.6762 -0.1291 0.9444 -0.024 0.301 0.1302
0.7192 0.2774 -0.6227 0.1343 0.5826 -0.5944 -0.5422 -0.1153 0.6938 -0.2419 -0.6747 -0.0694 0.7093 0.3361 -0.6113 -0.1015 0.6518 -0.1575 -0.7377 -0.0787 0.7517 0.0123 -0.6527 -0.0934 0.9303 0.0778 0.3332 0.1323 0.6813 -0.0539 -0.725 -0.0853 0.7175 -0.1061 -0.6762 -0.1291 0.9444 -0.024 0.301 0.1302
0.7192 0.2774 -0.6227 0.1343 0.5826 -0.5944 -0.5422 -0.1153 0.6938 -0.2419 -0.6747 -0.0694 0.7093 0.3361 -0.6113 -0.1015 0.6518 -0.1575 -0.7377 -0.0787 0.7514 0.0047 -0.6533 -0.0927 0.9303 0.0779 0.3331 0.1324 0.6813 -0.0539 -0.725 -0.0853 0.7175 -0.1061 -0.6762 -0.1291 0.9444 -0.024 0.301 0.1302
0.7192 0.2774 -0.6227 0.1343 0.5826 -0.5944 -0.5422 -0.1153 0.6938 -0.2419 -0.6747 -0.0694 0.7093 0.3361 -0.6113 -0.1015 0.651 -0.1666 -0.7351 -0.0897 0.7514 0.0047 -0.6533 -0.0927 0.9303 0.0779 0.3331 0.1324 0.6813 -0.0539 -0.725 -0.0853 0.7175 -0.1061 -0.6762 -0.1291 0.9444 -0.024 0.301 0.1302
0.7192 0.2774 -0.6227 0.1343 0.5826 -0.5944 -0.5422 -0.1153 0.6938 -0.2419 -0.6747 -0.0694 0.7093 0.3361 -0.6113 -0.1015 0.651 -0.1666 -0.7351 -0.0897 0.7514 0.0047 -0.6533 -0.0927 0.9303 0.0779 0.3331 0.1324 0.6813 -0.0539 -0.725 -0.0853 0.7166 -0.1092 -0.6765 -0.1299 0.9444 -0.024 0.301 0.1302
0.7227 0.2657 -0.6272 0.117 0.5826 -0.5944 -0.5422 -0.1153 0.6938 -0.2419 -0.6747 -0.0694 0.7093 0.3361 -0.6113 -0.1015 0.651 -0.1666 -0.7351 -0.0897 0.7514 0.0047 -0.6533 -0.0927 0.9303 0.0779 0.3331 0.1324 0.6813 -0.0539 -0.725 -0.0853 0.7166 -0.1092 -0.6765 -0.1299 0.9444 -0.0241 0.301 0.1302
0.7227 0.2657 -0.6272 0.117 0.5826 -0.5944 -0.5422 -0.1153 0.6938 -0.2419 -0.6747 -0.0694 0.7093 0.3361 -0.6113 -0.1015 0.651 -0.1666 -0.7351 -0.0897 0.7514 0.0047 -0.6533 -0.0927 0.9303 0.0779 0.3331 0.1324 0.6813 -0.0539 -0.725 -0.0853 0.7166 -0.1092 -0.6765 -0.1299 0.9444 -0.0241 0.301 0.1302
0.7227 0.2657 -0.6272 0.117 0.5762 -0.6057 -0.5321 -0.1342 0.6912 -0.2615 -0.668 -0.0877 0.706 0.3196 -0.6206 -0.1194 0.651 -0.1666 -0.7351 -0.0897 0.7514 0.0047 -0.6533 -0.0927 0.9303 0.0779 0.3331 0.1324 0.6813 -0.0539 -0.725 -0.0853 0.7166 -0.1092 -0.6765 -0.1299 0.9444 -0.0241 0.301 0.1302
0.7227 0.2657 -0.6272 0.117 0.5762 -0.6057 -0.5321 -0.1342 0.6912 -0.2615 -0.668 -0.0877 0.706 0.3196 -0.6206 -0.1194 0.651 -0.1666 -0.7351 -0.0897 0.7514 0.0047 -0.6533 -0.0927 0.9303 0.0779 0.3331 0.1324 0.6799 -0.0674 -0.7242 -0.0941 0.7166 -0.1092 -0.6765 -0.1299 0.9444 -0.0241 0.301 0.1302
0.7227 0.2657 -0.6272 0.117 0.5762 -0.6057 -0.5321 -0.1342 0.6912 -0.2615 -0.668 -0.0877 0.706 0.3196 -0.6206 -0.1194 0.651 -0.1666 -0.7351 -0.0897 0.752 -0.0021 -0.652 -0.097 0.9301 0.0779 0.3336 0.1324 0.6799 -0.0674 -0.7242 -0.0941 0.7166 -0.1092 -0.6765 -0.1299 0.9444 -0.0241 0.301 0.1302
0.7227 0.2657 -0.6272 0.117 0.5762 -0.6057 -0.5321 -0.1342 0.6912 -0.2615 -0.668 -0.0877 0.706 0.3196 -0.6206 -0.1194 0.651 -0.1666 -0.7351 -0.0897 0.752 -0.0021 -0.652 -0.097 0.9301 0.0779 0.3336 0.1324 0.6799 -0.0674 -0.7242 -0.0941 0.7166 -0.1092 -0.6765 -0.1299 0.9444 -0.0241 0.301 0.1302
